(0.620209752,0.353162497,0.742403201)
(0.762115353,0.946206999,0.910262057)
(0.894991863,0.926408741,0.471569281)
(0.493235456,0.27673696,0.045014774)
(0.301423528,0.491799996,0.17909135)
(0.06747225,0.856290711,0.842399739)
(0.419166006,0.840671145,0.442643132)
(0.40952997,0.205162238,0.109668296)
(0.263658681,0.603232247,0.555227119)
(0.096860635,0.479623913,0.597778583)
(0.994794636,0.08944736,0.673846739)
(0.060147178,0.916761594,0.726940866)
(0.497571945,0.865401921,0.323593631)
(0.224373078,0.779329683,0.008146552)
(0.218617164,0.250493542,0.308401005)
(0.017600572,0.066548748,0.786576263)
(0.176807605,0.638813367,0.997406511)
(0.740672719,0.358100862,0.119893)
(0.68048251,0.230061621,0.646502031)
(0.507774252,0.062257989,0.647034267)
(0.734867816,0.348145977,0.352964143)
(0.672177051,0.66214549,0.142185903)
(0.619078538,0.181647621,0.172613669)
(0.450166144,0.293027071,0.030195144)
(0.757835631,0.91506069,0.022367298)
(0.880555844,0.15027279,0.040398775)
(0.967695584,0.949653485,0.758201671)
(0.509937804,0.310504197,0.673043069)
(0.167302964,0.293733395,0.96699594)
(0.078452756,0.695841987,0.075482986)
(0.529733397,0.723018492,0.975940442)
(0.922405123,0.152043103,0.426645818)
(0.299904417,0.57260433,0.758456388)
(0.011515129,0.301410089,0.359815656)
(0.96088267,0.04003234,0.368934432)
(0.516387835,0.656254244,0.284257714)
(0.906335247,0.329787512,0.054487146)
(0.329585219,0.067764267,0.724197626)
(0.556216566,0.81422101,0.675870136)
(0.931927855,0.674786589,0.290413203)
(0.35939292,0.809195264,0.318009882)
(0.386383029,0.879051506,0.376165363)
(0.531353458,0.633641546,0.204953402)
(0.058683431,0.541300776,0.326249533)
(0.307986073,0.942554099,0.035135633)
(0.278381026,0.19138672,0.820308533)
(0.46143243,0.93922296,0.320012469)
(0.053784059,0.424572971,0.942478622)
(0.293871855,0.326815093,0.862350751)
(0.358054573,0.665288416,0.008863397)
(0.25875066,0.401559416,0.926356293)
(0.95647962,0.79767353,0.163068934)
(0.71132734,0.15713574,0.441424661)
(0.442926445,0.191945257,0.305692032)
(0.412768846,0.014167115,0.346562544)
(0.802069269,0.333622589,0.718776738)
(0.317669202,0.040557427,0.525821844)
(0.307656177,0.702642419,0.862525248)
(0.071788641,0.247567834,0.575022809)
(0.510330331,0.165508195,0.667311589)
(0.878444443,0.414203188,0.100839422)
(0.555287066,0.685601198,0.500691905)
(0.50652171,0.761043634,0.420860999)
(0.487196313,0.966315641,0.397239777)
(0.503177108,0.913702152,0.680159952)
(0.062219401,0.268063937,0.867255574)
(0.528316686,0.80949598,0.271350145)
(0.141096791,0.922916115,0.170490911)
(0.602566444,0.016376466,0.044598881)
(0.216941693,0.795696239,0.744093223)
(0.950874953,0.754236747,0.570416675)
(0.273490578,0.162290803,0.069304865)
(0.854409997,0.371911212,0.751340711)
(0.128445917,0.678678716,0.51499504)
(0.977613599,0.354480158,0.560957924)
(0.379100247,0.354850328,0.196402154)
(0.076886157,0.310273419,0.40657137)
(0.148749172,0.07694882,0.925689411)
(0.407034096,0.693181893,0.9506979)
(0.0154069,0.522487916,0.565154186)
(0.590584845,0.345091801,0.357907563)
(0.22150028,0.565578,0.752862407)
(0.073026603,0.405596908,0.578557047)
(0.220086121,0.677118727,0.194347945)
(0.902496516,0.629615233,0.662531469)
(0.932879243,0.018376189,0.683875724)
(0.554810308,0.003358251,0.192706378)
(0.780661831,0.091173218,0.623498461)
(0.589715554,0.807784671,0.4645785)
(0.836773234,0.161254427,0.891059043)
(0.302191157,0.030682107,0.540299524)
(0.492951687,0.489848785,0.016242489)
(0.728812929,0.883104612,0.181721125)
(0.894495321,0.049874401,0.027814685)
(0.379345371,0.762216131,0.935953375)
(0.209418367,0.909109572,0.576430991)
(0.340087155,0.207277927,0.887852642)
(0.812124103,0.082143156,0.939258278)
(0.666874167,0.582524734,0.186740015)
(0.185012961,0.223618966,0.373192209)
(0.332010143,0.882939294,0.558136962)
(0.674428421,0.772849095,0.362290758)
(0.268858212,0.667822827,0.8993062)
(0.297512832,0.084847548,0.49909654)
(0.83844301,0.560131823,0.265960434)
(0.208750061,0.345677667,0.111693714)
(0.155291832,0.332412648,0.835943992)
(0.017274679,0.865945005,0.657225526)
(0.823220577,0.060618335,0.543997063)
(0.806485711,0.707493394,0.503948539)
(0.489925989,0.774466683,0.248616548)
(0.874448637,0.171390027,0.432780672)
(0.550309376,0.799712232,0.185154992)
(0.618499102,0.491007179,0.392833406)
(0.228208122,0.443296092,0.822250688)
(0.535338664,0.772346849,0.429731246)
(0.601898462,0.456120627,0.772007751)
(0.09944484,0.859097216,0.405086265)
(0.563535906,0.697457474,0.941182278)
(0.562477034,0.298281916,0.638023944)
(0.244480653,0.255822911,0.64813418)
(0.537111298,0.181387634,0.619277113)
(0.131852209,0.131875622,0.361813599)
(0.582682359,0.734778093,0.466982984)
(0.451209402,0.538868867,0.442466368)
(0.673530193,0.951356207,0.480636551)
(0.542895062,0.983729721,0.420921029)
(0.076751675,0.989528776,0.373433926)
(0.705913361,0.986448713,0.124139855)
(0.388839195,0.001063269,0.653696235)
(0.162051892,0.72295709,0.372903307)
(0.494704202,0.701292969,0.609579488)
(0.891474676,0.384115192,0.606626798)
(0.893106634,0.411580149,0.339972461)
(0.080869374,0.429448268,0.822769714)
(0.632690347,0.863227217,0.965826227)
(0.590701639,0.49212195,0.340999006)
(0.162562826,0.740845343,0.053440387)
(0.049366259,0.037356708,0.091553942)
(0.362589187,0.199733587,0.794883266)
(0.759886615,0.057771023,0.58054165)
(0.710869995,0.66554973,0.575224918)
(0.495242136,0.984345026,0.46382326)
(0.419561683,0.726613414,0.281663741)
(0.430929367,0.368642963,0.653866254)
(0.831808737,0.404931539,0.043973129)
(0.071428783,0.713405018,0.56201046)
(0.716049821,0.536620136,0.357681399)
(0.000345626,0.605720501,0.9923676)
(0.253524741,0.077805053,0.334748027)
(0.771700421,0.081160675,0.29031742)
(0.418705918,0.322144627,0.993704452)
(0.382752211,0.220790271,0.592578837)
(0.928080733,0.892210157,0.607283673)
(0.344275299,0.339038483,0.908267935)
(0.310719533,0.787856889,0.75383855)
(0.65972765,0.396582015,0.043294606)
(0.407652115,0.762751309,0.191934673)
(0.201751954,0.617269641,0.416470845)
(0.371491902,0.633300708,0.857577858)
(0.48347381,0.407616134,0.409378826)
(0.720772534,0.918387741,0.697331161)
(0.700655465,0.348647664,0.280031849)
(0.404111848,0.993783707,0.161109268)
(0.46545006,0.396368653,0.947872888)
(0.270960364,0.313062198,0.795169207)
(0.568109341,0.613162204,0.077332459)
(0.693410269,0.193577359,0.334572297)
(0.045851414,0.518059714,0.075778307)
(0.43008356,0.061971696,0.835349718)
(0.180908421,0.91293173,0.113849941)
(0.331599784,0.852806727,0.626191258)
(0.035675599,0.581386214,0.005332107)
(0.577946524,0.224137554,0.466246636)
(0.219537902,0.293057946,0.333414486)
(0.674994078,0.328165359,0.123320581)
(0.342756336,0.421306144,0.858966684)
(0.12312933,0.464473399,0.804582561)
(0.016663232,0.8609288,0.393067377)
(0.526033936,0.390616281,0.453822289)
(0.20002798,0.686116789,0.564308832)
(0.288364315,0.237265659,0.397360319)
(0.687023219,0.466363277,0.365068468)
(0.548749563,0.480788273,0.032959475)
(0.906331324,0.291263098,0.706211895)
(0.918345176,0.279299353,0.210269974)
(0.272744029,0.830431361,0.877723557)
(0.334375631,0.114396609,0.70042025)
(0.038598367,0.285884835,0.886291362)
(0.478797155,0.478187429,0.490066934)
(0.158683817,0.645097344,0.712345752)
(0.158957304,0.331010746,0.06786203)
(0.68432008,0.918828914,0.0300932)
(0.756645495,0.226735969,0.985278562)
(0.632083166,0.900096798,0.061982963)
(0.946008423,0.96004675,0.830462773)
(0.186224665,0.123761615,0.674147389)
(0.012838913,0.30228679,0.96988958)
(0.496888989,0.15808517,0.765781704)
(0.953446574,0.010130851,0.706412261)
(0.8861463,0.054142215,0.942017996)
(0.770062811,0.99819247,0.459574759)
(0.695033488,0.135211338,0.121873138)
(0.12741298,0.534200332,0.592791031)
(0.012037844,0.434988901,0.23732741)
(0.003821459,0.74187478,0.163540614)
(0.343698089,0.67025715,0.806792889)
(0.724293232,0.495158745,0.16535956)
(0.207561831,0.676064749,0.843230886)
(0.581861087,0.669061508,0.064397422)
(0.658410447,0.460324444,0.057692243)
(0.806843931,0.225574664,0.580102692)
(0.399863755,0.27326509,0.94777737)
(0.332882263,0.448034488,0.358028953)
(0.413671144,0.875633489,0.807820418)
(0.815656735,0.776117189,0.458244918)
(0.63466681,0.274064701,0.800751864)
(0.395380474,0.242962604,0.347063843)
(0.725328137,0.658962633,0.883347547)
(0.567590143,0.514121693,0.40047311)
(0.257739894,0.474822135,0.439518534)
(0.722845224,0.274274616,0.862333391)
(0.187556652,0.205210644,0.585064739)
(0.132133451,0.89394906,0.685041067)
(0.99964627,0.737342733,0.654303455)
(0.125560917,0.345097343,0.412337157)
(0.774550599,0.072758793,0.775434978)
(0.758249384,0.978525138,0.3067097)
(0.40728797,0.186475892,0.591066942)
(0.079763078,0.564514893,0.312089802)
(0.245274806,0.055199223,0.322891289)
(0.326677376,0.509835362,0.304416832)
(0.889037335,0.446990279,0.10285853)
(0.384947987,0.785504992,0.655849117)
(0.305504413,0.570165042,0.802204443)
(0.661159496,0.458738587,0.482989025)
(0.646537258,0.853739529,0.787244207)
(0.736688201,0.226144324,0.1747304)
(0.238584355,0.3482811,0.680008907)
(0.578797969,0.586178587,0.071231965)
(0.780457875,0.088114214,0.581026407)
(0.471667312,0.45599659,0.553839451)
(0.468580107,0.136558606,0.353396858)
(0.921864983,0.847326552,0.805397271)
(0.017920636,0.209891761,0.558314962)
(0.422570621,0.277399172,0.54859979)
(0.009867632,0.121337419,0.866116071)
(0.337259571,0.437568903,0.575522607)
(0.418845913,0.697034366,0.785839037)
(0.93650719,0.64844452,0.584959281)
(0.09642588,0.209891974,0.560405969)
(0.958345561,0.123076793,0.948513475)
(0.562161887,0.203219004,0.025162497)
(0.332206666,0.812995727,0.642364353)
(0.871635792,0.546436224,0.761480564)
(0.711942896,0.202509344,0.055592421)
(0.184489803,0.085679212,0.666865563)
(0.498018714,0.253117792,0.081162286)
(0.306134949,0.762658904,0.284422086)
(0.520635943,0.376928057,0.021770139)
(0.015859682,0.969266988,0.382411499)
(0.874658378,0.231252803,0.3451071)
(0.50816011,0.851767748,0.422382952)
(0.4343005,0.476540788,0.318402504)
(0.242321928,0.054983522,0.204493632)
(0.543282583,0.789577218,0.649188104)
(0.887696609,0.279720034,0.341777172)
(0.804936558,0.493263127,0.548497422)
(0.00450821,0.486462069,0.755301813)
(0.030428956,0.054099695,0.524431616)
(0.654228948,0.393821113,0.928477057)
(0.784501504,0.800595446,0.859201375)
(0.428034719,0.940303797,0.934913689)
(0.998665718,0.107344744,0.444057568)
(0.300704303,0.428282969,0.378363826)
(0.122459566,0.886727237,0.759521566)
(0.47263078,0.918219043,0.040546375)
(0.417275762,0.27658427,0.545445609)
(0.032655366,0.919678324,0.372142212)
(0.019986298,0.496755583,0.847909491)
(0.530437431,0.63733685,0.496529295)
(0.625529855,0.540033879,0.884054254)
(0.508151507,0.767277797,0.646573723)
(0.211862486,0.912804708,0.866361386)
(0.74649702,0.55856183,0.847060307)
(0.19059976,0.091572878,0.54856183)
(0.637057902,0.756981322,0.524890521)
(0.161129419,0.663348147,0.953479123)
(0.329796107,0.138897744,0.32606669)
(0.512286726,0.379264071,0.963763752)
(0.33513557,0.577764076,0.432315161)
(0.978519953,0.255788724,0.312384654)
(0.141012212,0.092261423,0.31076669)
(0.250985413,0.139066459,0.983023821)
(0.488274387,0.554083052,0.860977257)
(0.868963779,0.304604197,0.729148623)
(0.179955766,0.556909045,0.615061588)
(0.731184478,0.17408071,0.857979834)
(0.43127731,0.785784357,0.399496677)
(0.66819477,0.552165232,0.026073852)
(0.282623884,0.860493843,0.121361719)
(0.104766625,0.124349773,0.450449001)
(0.070969264,0.200464825,0.9763775)
(0.214755046,0.320634743,0.165142393)
(0.074772813,0.55512458,0.089831143)
(0.442987084,0.787481531,0.06744536)
(0.592203473,0.2416373,0.331246241)
(0.380662348,0.696244631,0.029849515)
(0.36341269,0.287353334,0.308422008)
(0.223863343,0.773217555,0.980936584)
(0.989519314,0.280507097,0.071527716)
(0.685026718,0.858724137,0.741071721)
(0.276703162,0.713077979,0.350163515)
(0.167210527,0.385909317,0.226728993)
(0.916763899,0.749583842,0.874238853)
(0.111104135,0.36503374,0.207688133)
(0.916485529,0.015705032,0.45044482)
(0.029901126,0.870281341,0.244375264)
(0.220794558,0.634680585,0.409353132)
(0.468436376,0.724978186,0.222090063)
(0.357834901,0.507891717,0.215876472)
(0.334154973,0.947312379,0.766198786)
(0.04960646,0.39637009,0.961981715)
(0.833751539,0.485189959,0.261915646)
(0.484887586,0.292304906,0.937806763)
(0.411545794,0.002565361,0.405732755)
(0.912710478,0.940931536,0.099945333)
(0.774441612,0.002397804,0.760156358)
(0.70692042,0.876772443,0.993486049)
(0.237815473,0.797086542,0.398256609)
(0.489487596,0.469010629,0.364711908)
(0.04697233,0.526575064,0.705034261)
(0.352801762,0.077436498,0.715174436)
(0.939466197,0.708848666,0.814075388)
(0.24571711,0.399064466,0.423449388)
(0.907769758,0.418119698,0.564881655)
(0.914058407,0.17894389,0.61926672)
(0.029783462,0.714703975,0.319069877)
(0.79658426,0.465345565,0.370116403)
(0.124525382,0.175098939,0.858010235)
(0.729846352,0.032353619,0.956222985)
(0.277262969,0.210948111,0.932722872)
(0.48265505,0.366574302,0.337549176)
(0.281786352,0.635090317,0.43333321)
(0.976778073,0.148786344,0.442014173)
(0.232516118,0.752122929,0.810612589)
(0.237562845,0.316023171,0.874892489)
(0.530463198,0.890398379,0.813805119)
(0.591399555,0.346351858,0.732924143)
(0.259332391,0.11473455,0.019340785)
(0.157172449,0.801951733,0.1792961)
(0.078322537,0.416967491,0.24905812)
(0.211123296,0.653221193,0.496660736)
(0.916412757,0.301012597,0.456041953)
(0.999351681,0.844186039,0.962411583)
(0.055480956,0.08979734,0.111000421)
(0.346466129,0.855181132,0.945227814)
(0.293689006,0.531054739,0.699915226)
(0.078762471,0.737552459,0.71402806)
(0.680906124,0.390368715,0.022475912)
(0.947259727,0.24910355,0.65729261)
(0.482053961,0.463281366,0.097627167)
(0.007733148,0.158576631,0.592424553)
(0.412857574,0.885558598,0.282314671)
(0.823709513,0.862455779,0.389532013)
(0.805228384,0.359282117,0.720998062)
(0.133290651,0.258810897,0.993144189)
(0.880410548,0.723322261,0.959250024)
(0.005808851,0.260048826,0.150842702)
(0.637507427,0.171768714,0.15186964)
(0.72306385,0.42140074,0.787991741)
(0.07821111,0.322635431,0.813899335)
(0.516693555,0.658730205,0.60066694)
(0.361341313,0.944365605,0.82593649)
(0.733594223,0.840187592,0.693671148)
(0.755674145,0.687109224,0.311011722)
(0.657453347,0.060652168,0.876266348)
(0.023132541,0.396010004,0.425574725)
(0.780696758,0.434189962,0.390940697)
(0.639912341,0.790428194,0.006624981)
(0.275269186,0.629998727,0.428829315)
(0.744024839,0.279269134,0.913490094)
(0.597541932,0.670640442,0.571107124)
(0.054394075,0.41554108,0.240271692)
(0.919611484,0.715715184,0.250148047)
(0.915298258,0.355515798,0.731978059)
(0.967842256,0.390122399,0.603410488)
(0.305725638,0.742813383,0.38156547)
(0.565810435,0.035610935,0.946318237)
(0.002735909,0.080687627,0.644514615)
(0.989362539,0.740821452,0.818804449)
(0.689820422,0.937687422,0.239494217)
(0.28402765,0.646875311,0.173753797)
(0.647365419,0.98710694,0.588586764)
(0.7219377,0.361473869,0.246193907)
(0.081687744,0.466664086,0.319316754)
(0.221169457,0.316564131,0.187656235)
(0.183213399,0.550116553,0.905990274)
(0.941812179,0.748739178,0.578795903)
(0.56588641,0.781755131,0.828471203)
(0.627015593,0.131461053,0.290330343)
(0.545620782,0.753030655,0.725392638)
(0.29242092,0.077187179,0.266616731)
(0.654244124,0.542867624,0.714260892)
(0.967543048,0.451597738,0.352715682)
(0.232041861,0.09444186,0.724832222)
(0.78857755,0.83144136,0.796921989)
(0.782180122,0.00230064,0.805913402)
(0.086845635,0.122306735,0.385774759)
(0.905238926,0.562822904,0.695068071)
(0.474855834,0.770473462,0.031196205)
(0.589254965,0.284341434,0.72854805)
(0.281722928,0.012202307,0.050179231)
(0.02155321,0.885401102,0.735547715)
(0.025433187,0.990660199,0.485141313)
(0.784164974,0.495537238,0.882537316)
(0.610307246,0.038794316,0.210308593)
(0.652017614,0.676314284,0.293907082)
(0.672783344,0.616548602,0.335151752)
(0.736687344,0.217737244,0.608796645)
(0.203176049,0.603301361,0.233993474)
(0.261235326,0.803467381,0.064475227)
(0.422534234,0.920041522,0.939113394)
(0.243972554,0.265779323,0.430058273)
(0.813625322,0.825617015,0.596030509)
(0.826957964,0.765486639,0.055606666)
(0.324391956,0.06472877,0.912573341)
(0.594112294,0.988162929,0.959453766)
(0.006760577,0.60695645,0.130626973)
(0.098828836,0.809323824,0.580597938)
(0.263680513,0.817640685,0.260495616)
(0.538767309,0.445064624,0.191000405)
(0.026303099,0.534060849,0.222929643)
(0.603352337,0.734629005,0.002781157)
(0.525068645,0.910489303,0.12677387)
(0.257499436,0.113290432,0.836662925)
(0.077917252,0.43665612,0.611080372)
(0.631657967,0.724225008,0.825132585)
(0.838446023,0.589723554,0.886352063)
(0.074939413,0.191306466,0.032127221)
(0.732767946,0.725321848,0.597192135)
(0.235286319,0.958264478,0.326763252)
(0.353227966,0.263176748,0.870168748)
(0.138603714,0.438398765,0.725594125)
(0.271225575,0.917700024,0.94326472)
(0.014140737,0.087501675,0.565281486)
(0.840802412,0.731812607,0.342941619)
(0.24096938,0.771607891,0.172423678)
(0.584272346,0.350034029,0.895529804)
(0.20952836,0.989346944,0.587663509)
(0.654649415,0.523228694,0.840327299)
(0.065729915,0.744826009,0.147562617)
(0.423790964,0.262381591,0.0609329)
(0.633337569,0.219587318,0.778374504)
(0.627333103,0.249731507,0.824454652)
(0.180464301,0.551225085,0.792884388)
(0.128905281,0.190092914,0.113832385)
(0.159184462,0.561928121,0.907403084)
(0.817010875,0.075128821,0.051481046)
(0.806677398,0.590056151,0.152790176)
(0.763643505,0.954186201,0.27400486)
(0.213059479,0.668474248,0.296917869)
(0.241719066,0.134270022,0.877215422)
(0.34399054,0.542421761,0.33543884)
(0.556176894,0.424599452,0.202542133)
(0.377611486,0.733727909,0.153116981)
(0.973200211,0.010594769,0.262552232)
(0.736793367,0.258988655,0.738906812)
(0.015128251,0.785883935,0.377451877)
(0.166214095,0.59995623,0.381463191)
(0.561323774,0.972112811,0.331241138)
(0.330541755,0.461902167,0.55251256)
(0.437177623,0.732763198,0.678692769)
(0.653007874,0.401662241,0.936194199)
(0.574555683,0.922692143,0.970865698)
(0.083347702,0.769111724,0.657564779)
(0.15502084,0.671000154,0.103838268)
(0.006961681,0.5819919,0.953773073)
(0.216678772,0.213543898,0.42595036)
(0.469813727,0.251937685,0.491331988)
(0.582783244,0.725570174,0.036001893)
(0.785918051,0.712503419,0.707401724)
(0.603658209,0.738601323,0.014922342)
(0.763652314,0.040700078,0.926797635)
(0.290896121,0.102129765,0.227749686)
(0.940988424,0.658642323,0.737581505)
(0.999292384,0.261825387,0.598453232)
(0.62051948,0.333141924,0.998165903)
(0.198659612,0.247380619,0.73638745)
(0.272475171,0.189982036,0.024905624)
(0.809457053,0.889040058,0.473736407)
(0.776577795,0.981851247,0.972424583)
(0.393158253,0.418531842,0.612551583)
(0.080421293,0.02884547,0.502688891)
(0.118928143,0.204620436,0.788632765)
(0.373709255,0.409916523,0.001499901)
(0.94185464,0.16575131,0.054944224)
(0.818551296,0.203603648,0.80275754)
(0.093124063,0.782751445,0.613265576)
(0.092552203,0.166514246,0.547736105)
(0.527617722,0.94497631,0.823668244)
(0.457148431,0.86607195,0.90395158)
(0.919791407,0.482732048,0.122770568)
(0.941072258,0.481976173,0.699319814)
(0.231216041,0.984065287,0.716514037)
(0.095684929,0.933012749,0.329535905)
(0.583448369,0.257756435,0.637276273)
(0.901604685,0.87093384,0.652571269)
(0.113761849,0.46645039,0.22060421)
(0.765271335,0.941105265,0.806130459)
(0.218562562,0.714249969,0.860277228)
(0.993984439,0.132505841,0.551190177)
(0.450056421,0.215436759,0.015736586)
(0.76034121,0.522349899,0.209682175)
(0.499967551,0.392647156,0.399043422)
(0.21677025,0.111954868,0.720084832)
(0.164461115,0.383938607,0.872390164)
(0.955131785,0.560585931,0.725758154)
(0.882162282,0.927098215,0.24289297)
(0.663185995,0.360982218,0.417694593)
(0.389920997,0.625441632,0.673593816)
(0.576196276,0.03495513,0.505661486)
(0.312783628,0.059334301,0.933500082)
(0.115635798,0.870498674,0.378806948)
(0.474363198,0.932292495,0.255916404)
(0.566331983,0.15772764,0.254479318)
(0.452708341,0.259944366,0.124943352)
(0.279991554,0.008374519,0.457479389)
(0.116410475,0.478599149,0.533565638)
(0.359460266,0.470597167,0.946101874)
(0.877836095,0.439611404,0.634926462)
(0.82410733,0.769419678,0.681984963)
(0.985644131,0.222339081,0.803444819)
(0.84289465,0.279686015,0.007680272)
(0.639276673,0.547533592,0.538733979)
(0.117732423,0.461452919,0.140445297)
(0.524587355,0.183737277,0.695127674)
(0.060210041,0.534141658,0.016555117)
(0.799129318,0.460358893,0.396018506)
(0.509076789,0.854469166,0.953010671)
(0.729128257,0.979935607,0.158921621)
(0.980567033,0.360157572,0.318843027)
(0.568696178,0.37649256,0.744761385)
(0.512885958,0.26432276,0.125149746)
(0.306980615,0.067948323,0.531810654)
(0.123762058,0.678502839,0.787704393)
(0.25616945,0.051490716,0.901649984)
(0.315816684,0.846978209,0.384317219)
(0.590737648,0.845768383,0.502613908)
(0.382517558,0.916263006,0.830310123)
(0.687044888,0.67917336,0.372900404)
(0.466194154,0.704110645,0.281975731)
(0.494980837,0.418128617,0.652473473)
(0.153301975,0.790028338,0.079637691)
(0.333088491,0.473399417,0.466998714)
(0.60569878,0.779045418,0.216377914)
(0.258819225,0.074932237,0.120828928)
(0.872231204,0.393981725,0.505844592)
(0.111063865,0.96954912,0.153232189)
(0.104653355,0.011927944,0.355667583)
(0.222663658,0.991114856,0.950329857)
(0.400851327,0.972207699,0.263138621)
(0.495726928,0.74548272,0.59711601)
(0.487666094,0.580036236,0.747196804)
(0.431141075,0.447827421,0.32443137)
(0.451814956,0.486011027,0.325626482)
(0.189007876,0.457678194,0.068872413)
(0.607295774,0.463125953,0.571311258)
(0.059192851,0.544318076,0.959150586)

